#TextureID: 90

#TileSize 
164 40 18 60

#PlanesMap
-0.5 20 0.5 20
164.5 20 0.5 20
82 -0.5 82 0.5
82 40.5 82 0.5
2.5 31.5 2.5 8.5
7.5 32.5 2.5 7.5
14 29 3 1
12 37.5 1 2.5
48.5 38 35.5 2
16.5 21 2.5 1
24.5 17 2.5 1
24.5 25 2.5 1
25.5 35.5 5.5 4.5
33.5 32 2.5 4
40 35.5 4 0.5
46 31.5 3 0.5
55.5 27.5 2.5 0.5
62.5 34 1.5 2
74 34.5 10 1.5
91.5 38.5 7.5 1.5
105 37 6 3
113 36.5 2 3.5
117 38.5 2 1.5
126 38.5 3 1.5
141 38 12 2
158.5 38.5 5.5 1.5
161.5 36.5 2.5 0.5
2 6.5 2 6.5
5 7 1 7
12 7.5 6 7.5
19.5 11 1.5 1
19.5 3 1.5 3
24.5 2 3.5 2
33.5 3.5 5.5 3.5
33 12.5 2 5.5
29.5 15 1.5 1
40 5 1 5
47 5.5 6 5.5
57.5 5 4.5 5
67 4 5 4
79.5 2 7.5 2
89.5 1.5 2.5 1.5
98 2 6 2
105.5 1.5 1.5 1.5
111 2.5 4 2.5
121 1 1 1
123 2 1 2
125.5 3.5 1.5 3.5
130.5 4 3.5 4
135 3.5 1 3.5
137 2.5 1 2.5
139 2 1 2
152 1.5 12 1.5
62.5 22 1.5 1
65.5 23 1.5 3
72.5 22.5 5.5 3.5
79.5 21 1.5 5
82.5 15 2.5 11
76.5 26.5 1.5 0.5
87 18.5 2 6.5
92 19.5 3 4.5
97.5 19 2.5 7
108.5 20 8.5 8
118 22 1 6
129.5 21 6.5 5
140 21.5 4 8.5
162 20.5 2 7.5
162.5 32 1.5 4
65.5 19.5 1.5 0.5
152 18.5 8 8.5
$

#EnemiesMap
23 23 11
21 15 11
21 16 11
22 28 9 
22 38 8 
$

#ItemsMap
IDTexture POSX POSY
48 46 12
48 58 29
49 61 18
80 2 29
$