#TextureID: 26

#TileSize 
180 40 18 60

#PlanesMap
-0.5 20 0.5 20
180.5 20 0.5 20
90 -0.5 90 0.5
90 40.5 90 0.5
2.5 28.5 2.5 11.5
7 31.5 2 8.5
19.5 35.5 10.5 4.5
33.5 34 3.5 6
29.5 29.5 0.5 1.5
45 36 8 4
57.5 35 4.5 5
68 36.5 6 3.5
78 34.5 4 5.5
101 32.5 19 7.5
122.5 26 2.5 1
123 39 3 1
130 37 4 3
137.5 38 3.5 2
145.5 39 4.5 1
153.5 37.5 3.5 2.5
159 36 2 4
170.5 34.5 9.5 5.5
11 15.5 4 0.5
22 13.5 3 0.5
30.5 16.5 1.5 0.5
25.5 21.5 1.5 0.5
36 19.5 2 0.5
45 18.5 3 0.5
59.5 22.5 4.5 2.5
67 21.5 3 3.5
73 18 3 5
82 18 2 2
90 16.5 6 3.5
100 11.5 2 0.5
106.5 15.5 2.5 0.5
114.5 17.5 2.5 0.5
143 23 12 1
144.5 26 10.5 2
142 29 10 1
149 14.5 5 0.5
161 21.5 2 0.5
165.5 14.5 7.5 0.5
172 19.5 1 0.5
166 7.5 5 0.5
177.5 19.5 1.5 0.5
$

#EnemiesMap
23 23 11
21 15 11
21 16 11
22 28 9 
22 38 8 
$

#ItemsMap
IDTexture POSX POSY
48 46 12
48 58 29
49 61 18
80 2 29
$