#TextureID: 27

#TileSize 
268 40 18 60

#PlanesMap
-0.5 20 0.5 20
268.5 20 0.5 20
134 -0.5 134 0.5
134 40.5 134 0.5
3.5 20 3.5 20
16 30.5 9 9.5
29 25.5 4 0.5
37 36 12 4
63.5 39 14.5 1
83.5 36.5 5.5 3.5
96 34.5 7 5.5
105.5 30 2.5 1
42.5 10 6.5 10
34.5 3 1.5 1
72.5 26 7.5 1
116.5 39 4.5 1
117 30 4 1
133.5 34.5 12.5 5.5
148.5 33 2.5 4
128 20 6 1
139 7 7 1
141.5 13 5.5 1
164 21.5 4 0.5
158 13 4.5 1
171.5 23.5 2.5 16.5
167.5 13 1.5 1
168 18 1 4
175.5 25 1.5 15
183.5 29 6.5 11
192 24 2 6
199 26 5 1
195 28.5 1 1.5
197.5 39 7.5 1
206.5 37 1.5 3
215 36 7 4
224.5 34.5 2.5 5.5
200.5 10 2.5 4
196 11.5 2 0.4
204 11 5 1
209.5 13 4.5 7
218.5 12.5 4.5 3.5
231.5 9 4.5 1
245.5 36.5 12.5 3.5
263 34.5 5 5.5
259.5 17.5 8.5 4.5
266.5 15.5 1.5 13.5
244 17 4 1
253 2.5 5 2.5
261.5 2 3.5 2
266 2 1.5 2.5
8.5 14 1.5 1
$

#EnemiesMap
$

#ItemsMap
IDTexture POSX POSY
$